I: 4 10000 100
P: 2 0.00601404 3.14363200
F: 3.14176400
P: 0 0.00592102 3.14348800
P: 1 0.00595613 3.14057600
P: 3 0.00596533 3.13936000
