I: 2 10000 100
F: 3.14234400
P: 0 0.01180410 3.14107200
P: 1 0.01178806 3.14361600
