I: 3 10000 100
F: 3.14304242
P: 0 0.00862211 3.14193939
P: 1 0.00832662 3.14355152
P: 2 0.00849213 3.14363636
