I: 4 100 10
P: 1 0.00017907 3.12000000
P: 2 0.00014673 3.20000000
P: 3 0.00019791 2.90000000
F: 3.13500000
P: 0 0.00021192 3.32000000
