I: 4 100 10000000
P: 1 10.70986030 3.14156200
P: 2 10.70985947 3.14155325
P: 3 10.70983282 3.14174494
F: 3.14160791
P: 0 10.70991192 3.14157144
