I: 2 100 10000000
P: 1 21.22053650 3.14153916
F: 3.14163108
P: 0 21.22057740 3.14172301
