I: 2 100 10
P: 1 0.00018591 3.20000000
F: 3.15200000
P: 0 0.00021796 3.10400000
