I: 1 100 10000000
F: 3.14157621
P: 0 40.80946681 3.14157621
