I: 2 10000 100
F: 3.14287200
P: 0 0.02265218 3.14287200
