I: 2 100 10000
P: 1 0.03464207 3.14361600
F: 3.14234400
P: 0 0.03468223 3.14107200
