I: 1 100 10
F: 3.08800000
P: 0 0.00017714 3.08800000
