I: 8 100 10000000
P: 1 5.44256500 3.14169894
P: 2 5.44259409 3.14160864
P: 3 5.44259163 3.14153955
P: 4 5.44263608 3.14154650
P: 5 5.44266106 3.14165888
P: 6 5.44267162 3.14168384
P: 7 5.44263769 3.14166730
F: 3.14163824
P: 0 5.44260109 3.14170230
