I: 4 100 10000
P: 1 0.01807476 3.14057600
P: 2 0.01792338 3.14363200
P: 3 0.01800145 3.13936000
F: 3.14176400
P: 0 0.01811123 3.14348800
