I: 8 100 10
P: 1 0.00035196 2.92000000
P: 2 0.00036987 3.16000000
P: 3 0.00035802 3.52000000
P: 4 0.00025577 3.24000000
P: 5 0.00052115 3.20000000
P: 6 0.00030813 3.40000000
P: 7 0.00034498 3.28000000
F: 3.22500000
P: 0 0.00033724 3.08000000
