I: 1 100 10000
F: 3.14287200
P: 0 0.06963889 3.14287200
