I: 8 100 10000
P: 1 0.00929899 3.13462400
P: 2 0.00925115 3.14451200
P: 3 0.00924846 3.13625600
P: 4 0.00923628 3.14345600
P: 5 0.00928452 3.14860800
P: 6 0.00921108 3.14275200
P: 7 0.00934386 3.13654400
F: 3.14066800
P: 0 0.00929892 3.13859200
