I: 2 10000 100
P: 1 0.01396158 3.14107200
F: 3.14120800
P: 0 0.01393862 3.14134400
