I: 8 10000 100
P: 5 0.00325415 3.13973333
P: 7 0.00324455 3.13896667
P: 1 0.00354009 3.14009231
P: 3 0.00352271 3.14200000
P: 4 0.00337176 3.14593333
P: 6 0.00338913 3.13800000
P: 2 0.00367720 3.14252308
F: 3.14097532
P: 0 0.00381162 3.14055385
