I: 1 10000000 100
F: 3.14157621
P: 0 27.86348931 3.14157621
