I: 2 10000000 100
P: 1 13.90703140 3.14172301
F: 3.14163922
P: 0 13.93402058 3.14155543
