I: 8 10 100
P: 1 0.00003611 3.13846154
P: 5 0.00003640 3.23333333
P: 7 0.00002991 3.00000000
P: 2 0.00003968 3.20000000
P: 3 0.00002676 3.38461538
P: 4 0.00004012 3.16666667
P: 6 0.00003468 3.00000000
F: 3.14230769
P: 0 0.00016361 3.01538462
