I: 4 10 100
P: 1 0.00003786 3.07200000
P: 3 0.00004133 3.21600000
F: 3.18000000
P: 0 0.00014328 3.23200000
P: 2 0.00003793 3.20000000
