I: 4 10000 100
P: 1 0.00670633 3.14220800
P: 3 0.00673235 3.14348800
F: 3.14254800
P: 0 0.00708612 3.14427200
P: 2 0.00700756 3.14022400
