I: 8 10000000 100
P: 5 3.20597150 3.14134967
P: 7 3.21305072 3.14171320
P: 6 3.34485021 3.14146227
P: 4 3.34740063 3.14177853
P: 3 3.47813093 3.14156329
P: 1 3.48167078 3.14164225
P: 2 3.62147548 3.14149218
F: 3.14157954
P: 0 3.62711894 3.14163492
