I: 4 10000000 100
P: 1 6.69202902 3.14167379
P: 3 6.70080584 3.14157144
P: 2 6.94882436 3.14149579
F: 3.14160526
P: 0 6.95103608 3.14168000
