I: 2 10 100
P: 1 0.00004172 3.10400000
F: 3.15600000
P: 0 0.00009200 3.20800000
