I: 1 10000000 100
F: 3.14157621
P: 0 43.27326066 3.14157621
