I: 2 10000000 100
P: 1 21.64561729 3.14153916
F: 3.14163108
P: 0 21.64565616 3.14172301
