I: 1 10000 100
F: 3.14287200
P: 0 0.04364839 3.14287200
