I: 8 10 100
F: 3.19519231
P: 0 0.01293846 3.01538462
P: 4 0.01267437 3.20000000
P: 1 0.01357236 2.92307692
P: 2 0.01350197 3.13846154
P: 3 0.01354814 3.38461538
P: 5 0.01318526 3.20000000
P: 6 0.01324485 3.40000000
P: 7 0.01315879 3.30000000
