I: 4 10 100
P: 1 0.00033461 3.13600000
P: 2 0.00007701 3.10400000
P: 3 0.00028546 2.96000000
F: 3.10400000
P: 0 0.00036792 3.21600000
