I: 8 10000 100
F: 3.14116026
P: 0 0.00689198 3.13947692
P: 4 0.00728473 3.14190000
P: 1 0.01025009 3.13461538
P: 2 0.01021429 3.14560000
P: 3 0.01029374 3.13572308
P: 5 0.00999503 3.14996667
P: 6 0.00987841 3.14383333
P: 7 0.00995899 3.13816667
