I: 1 10 100
F: 3.08800000
P: 0 0.00010439 3.08800000
