I: 2 10 100
P: 1 0.00018129 3.20000000
F: 3.15200000
P: 0 0.00015300 3.10400000
