I: 8 10000000 100
P: 2 5.65294943 3.14156622
F: 3.14162218
P: 0 5.65330724 3.14163778
P: 1 5.65381521 3.14166009
P: 3 5.65382103 3.14154926
P: 4 5.65303705 3.14156037
P: 6 5.65286999 3.14169520
P: 5 5.65353864 3.14163937
P: 7 5.65352714 3.14166917
