I: 2 10000 100
P: 1 0.02216494 3.14361600
F: 3.14234400
P: 0 0.02220613 3.14107200
