I: 4 10000 100
P: 2 0.01115894 3.14363200
P: 3 0.01118113 3.13936000
F: 3.14176400
P: 0 0.01113098 3.14348800
P: 1 0.01111917 3.14057600
