I: 4 10000000 100
P: 1 10.91529098 3.14156200
P: 2 10.91523949 3.14155325
F: 3.14160791
P: 3 10.91532452 3.14174494
P: 0 10.91569021 3.14157144
